11  7  919  1726
2  15  613  1140
33  49  603  1525
19  63  839  1711
13  95  97  385
44  107  461  1233
30  157  104  448
12  195  918  2527
18  208  743  1977
1  211  237  667
15  212  432  958
27  236  430  1489
28  242  452  1544
5  245  153  680
10  264  875  1351
16  284  10  298
50  311  594  1708
9  357  650  2078
49  360  784  2529
31  362  913  3076
22  371  134  570
6  378  821  2486
26  394  633  2143
42  419  776  1759
17  445  651  2213
47  460  464  1784
34  474  440  1027
36  489  194  946
38  494  398  1197
37  517  922  2578
40  525  64  674
4  570  390  1210
35  583  603  1224
23  594  386  1474
39  635  450  1946
41  642  231  1282
48  651  592  2320
45  675  563  1671
43  734  861  2030
46  749  21  809
3  765  809  2454
14  791  197  1249
20  835  878  2428
8  850  864  2574
21  854  496  1446
7  857  741  1617
25  877  577  2260
32  900  402  2061
24  951  909  2013
29  994  171  1432